resnet18 pretrained
    train acc: [0.7508, 0.7936, 0.8124, 0.8236, 0.8312, 0.8372, 0.8416, 0.8468, 0.8522, 0.8548]
    test acc: [0.7672, 0.8022, 0.8156, 0.8257, 0.8262, 0.8294, 0.8353, 0.8346, 0.8354, 0.8341]

resnet50 pretrained
    train acc: [0.7823, 0.8202, 0.8342, 0.8434, 0.8507, 0.8584, 0.8650, 0.8739, 0.8708, 0.8842]
    test acc: [0.8273, 0.8341, 0.8367, 0.8397, 0.8415, 0.8397, 0.8407, 0.8279, 0.8333, 0.8152]

resnet50:
    train acc: [0.7247, 0.7326, 0.7332, 0.7337, 0.7339, 0.7340, 0.7344, 0.7345, 0.7343, 0.7343]
    test acc: [0.7325, 0.7330, 0.7332, 0.7323, 0.7315, 0.7298, 0.7295, 0.7289, 0.7279, 0.7278]

resnet18:
    train acc: [0.7347, 0.7351, 0.7350, 0.7349, 0.7347, 0.7347, 0.7346, 0.7349, 0.7343, 0.7348]
    test acc: [0.7335, 0.7335, 0.7335, 0.7335, 0.7338, 0.7333, 0.7335, 0.7340, 0.7279, 0.7336]
