93252
80508
36064
92996
142572
100932
85580
113872
71476
77660
35448
45276
80228
129984
45212
160892
64076
20800
35768
41100
72420
69680
41364
75972
36532
76356
91304
71364
65752
140256
17192
40488
36684
37864
84740
58016
61756
12956
157476
40200
91476
84820
43416
58524
37188
61956
21720
26748
70352
45328
81632
36880
69908
80336
77148
67656
27472
63804
100412
61284
93096
63524
36532
32872
70052
121628
40232
81076
71452
93080
16632
46488
132648
70936
41140
60472
64368
56336
35828
79656
47520
138112
28612
81976
29012
75812
80744
45276
25392
62080
80444
34588
67472
74860
79776
47004
75520
69344
9492
35268
79828
45216
82516
71328
73424
47448
27620
57072
140256
105348
100596
70620
35916
131988
32432
130508
46160
80608
32276
59056
39484
118540
76120
71972
79156
78932
97984
45560
93604
80560
33196
76796
78636
93884
80540
16416
16820
44420
79868
37020
77260
29544
45612
12880
108016
64484
52896
95864
142072
17732
92400
48104
73820
23272
53228
45248
36128
81980
80304
83776
57372
60912
131328
63836
7208
64440
33768
37192
27828
115720
12536
36152
36108
80544
94924
112744
27360
58392
97532
65032
105616
18536
80712
37184
71340
25564
36168
72368
36096
87424
108516
34584
18408
52780
80784
80408
35740
18568
96464
61796
168680
35192
63540
91352
41216
18300
128040
75396
51412
76004
111116
133740
131548
44848
51264
57932
36972
22460
114580
35964
77832
117424
81328
147412
44276
7760
40036
80880
45408
27332
51440
19968
80512
49064
104764
34432
37516
122136
45060
122516
80620
76716
60388
51544
26184
58872
32584
102244
157212
54612
62888
166340
35976
33564
79980
88712
88652
45164
71836
69216
55376
80488
77208
75820
40356
70936
38596
37972
45144
68672
35912
44128
20588
83488
50248
121576
91404
61048
96704
67084
62108
76144
80584
142812
80452
68160
45040
27344
86216
56776
144768
45524
95548
33460
85344
35204
79784
80568
18516
94868
89472
67404
130832
32920
61172
35468
55532
61844
54732
19348
36216
58680
79364
45308
62320
133056
58940
163928
11936
82560
60576
115668
62756
40552
34764
129656
30892
40220
68668
58860
61044
90948
57068
68668
21360
125784
77132
57568
36224
36124
19868
43700
54728
46484
50984
89596
80284
76900
123936
45324
148488
41424
56092
125828
43020
71496
147932
161920
123784
112784
129868
15312
80484
40372
72220
18136
43936
41288
70404
36932
155560
74744
80432
37884
35708
84084
47312
58956
144368
79404
148176
71060
77296
21332
16792
80444
35864
178660
37284
132896
69232
68616
70672
165080
46164
45152
51232
73312
108468
145176
44836
37156
133104
82500
55788
85452
95572
64308
90304
13644
32332
100348
147204
7944
62128
78496
70104
41448
28200
48348
144212
18464
38488
69192
130680
80412
36200
61064
37064
37420
20804
72884
79492
130280
87508
69536
61056
31604
80952
72972
80444
20644
85496
44896
91340
35264
113104
79876
71236
46192
55624
47328
24752
114732
79644
36980
47472
36864
78484
20040
104168
122532
132780
60388
121640
45132
73228
37940
106136
79512
27916
78888
32636
72104
20804
106192
32548
36868
39688
91328
133148
80448
76712
72020
71872
92356
43480
52652
80516
125456
36024
38020
71468
124300
76596
90588
27536
52856
18176
80240
81892
71844
10072
66056
43520
80504
80256
79976
19764
7920
76244
176456
31956
79544
9164
70024
49192
17368
83576
71564
35220
41332
76920
27996
82180
137812
80300
132924
98872
100488
60740
46356
70688
20196
157720
78548
62408
33160
31680
25760
71788
36932
35704
16732
80300
84980
37444
110908
93044
81292
65880
17308
128700
43308
69388
34508
108272
61140
69264
90724
27980
32968
28580
41924
71504
37944
26600
32248
36296
67156
39024
80580
35068
62064
116768
36028
134832
44368
21484
44892
105412
61140
156896
36156
110672
16820
68956
25204
114204
80436
29488
41540
70592
157716
45224
45508
60716
67732
16556
85444
79808
89280
71488
134924
37716
151856
29336
16440
69484
32040
16748
68284
45552
125328
45244
9404
17916
45304
80360
115208
59756
51504
75356
71160
45020
80532
80752
100600
21576
45256
132492
79284
46784
70568
16820
38172
64344
36056
8688
39764
16128
74216
125664
42532
127316
18596
36204
19956
77284
60344
36152
82232
8044
34924
25512
87080
63052
71460
67192
75616
61364
69304
27808
84344
67448
93648
113360
61028
96492
79528
28796
9564
91568
45632
36156
112624
78760
80308
102216
80632
173720
31716
22000
33932
76496
44668
36156
67768
77344
12212
87972
14640
34476
135936
96664
14336
67688
41988
81512
71712
159612
16232
77320
68760
52344
61136
156848
73292
50752
54084
72424
55612
78668
45744
36268
126644
25152
49452
76000
57416
38892
80680
80220
33176
16436
36076
33060
28812
20028
55484
103088
60664
16748
127976
38464
32312
45552
41560
92308
107424
39520
108856
57072
66232
81036
72044
44500
89444
30844
68936
80260
98320
36164
120112
41248
71448
51412
66660
91500
19400
88576
30820
78740
51368
51188
81072
26100
79784
78456
152744
71428
70948
173292
82084
136332
37168
41128
32184
41192
73292
45236
104180
78452
75284
61720
36516
44892
38364
109624
71288
52184
78048
47476
78296
21768
40300
29008
41276
36992
51972
70180
90216
134216
111880
7168
88384
33412
48412
14296
60684
43544
45092
45160
68652
127864
85256
90420
36164
92200
34416
8096
62880
36300
76136
75352
55120
110672
35984
80396
36092
43868
36604
129552
34604
24308
157104
37912
80480
158040
14040
44820
32220
16200
27436
62088
43284
65156
125532
28592
112224
93564
95660
20752
82012
105784
123876
61000
50636
66056
164328
68088
81168
68556
79304
66128
34844
45168
108436
92532
84192
45136
91516
18464
99812
33236
24724
76172
77384
96872
49136
82276
59568
49636
44012
26624
18500
73180
59520
6412
36616
68364
45332
36520
46876
36604
19888
80448
95580
59752
19368
72156
139200
63012
41880
50916
13880
80468
161084
120152
34484
64572
79876
140524
45252
36092
67712
36076
41232
69880
36752
33972
60612
69860
43480
123000
85032
36864
16756
78812
46684
126792
70372
2060
44968
117364
70932
45188
79716
116852
44224
79816
36260
61908
45180
45088
132844
51508
92216
14600
41944
44180
20028
123976
91664
34388
23264
16796
78812
132120
107100
69236
40804
44872
128956
45200
80788
41212
62448
78768
19996
19772
72976
58856
118648
28012
80496
75884
80260
36088
36184
56584
93292
85508
28992
45176
80096
38028
45000
45120
77832
62164
123908
152152
56816
124404
44972
44940
79744
88664
157332
87180
76136
45188
52176
20484
122832
112540
79012
35136
26712
38112
122516
58240
16808
45296
60412
18804
100732
8864
16072
19948
118856
59464
69352
78560
45036
100472
59504
20016
87584
134712
124756
43988
111308
37952
36880
57144
33236
9536
70352
120660
45528
34324
44568
70984
36232
81036
77392
36048
151116
38220
20768
62808
69800
92284
36280
78276
175512
96736
108984
63960
99472
132900
122976
65980
44356
46108
75072
58308
159344
79588
40440
9532
48388
14536
51152
70988
109240
56120
132392
72116
80544
117340
57328
43940
70120
120876
89504
92868
29356
46076
66076
69416
78668
37228
78168
113888
42096
81312
13084
101944
91372
81064
122060
117564
43468
129116
9516
58604
60708
81004
45276
71192
45184
44552
141380
69956
64824
87132
79588
109400
29284
134624
72036
58332
41320
70732
21484
48252
82852
76492
80000
35224
74784
72072
150480
63380
116768
60740
76148
142376
24788
65044
36652
80256
68584
32368
37840
70004
